[gd_scene load_steps=6 format=3 uid="uid://cw0xkqh6xubni"]

[ext_resource type="Script" path="res://scenes/player/player.gd" id="1_7ln5v"]
[ext_resource type="Texture2D" uid="uid://byveu7pgyt11j" path="res://icon.svg" id="1_gt1l0"]

[sub_resource type="BoxShape3D" id="BoxShape3D_ds425"]
size = Vector3(0.5, 0.85, 0.5)

[sub_resource type="StyleBoxFlat" id="StyleBoxFlat_4es6m"]
bg_color = Color(0.858824, 0, 0, 1)
border_width_left = 1
border_width_top = 1
border_width_right = 1
border_width_bottom = 1

[sub_resource type="BoxShape3D" id="BoxShape3D_ubii3"]

[node name="player" type="CharacterBody3D"]
script = ExtResource("1_7ln5v")

[node name="playersprite" type="Sprite3D" parent="."]
transform = Transform3D(-4.37114e-08, -0.422618, 0.906308, 0, 0.906308, 0.422618, -1, 1.84732e-08, -3.9616e-08, 0, 0.262736, 0)
texture = ExtResource("1_gt1l0")

[node name="playerCol" type="CollisionShape3D" parent="."]
shape = SubResource("BoxShape3D_ds425")

[node name="cam" type="Node3D" parent="."]
transform = Transform3D(-4.37114e-08, -0.707107, 0.707107, 0, 0.707107, 0.707107, -1, 3.09086e-08, -3.09086e-08, 4, 5, 0)

[node name="playerCamera" type="Camera3D" parent="cam"]
transform = Transform3D(1, -2.31556e-09, -2.15371e-09, 2.15375e-09, 0.997383, -0.0722982, 2.31552e-09, 0.0722982, 0.997383, 0, -0.15686, -0.15686)
current = true

[node name="healthbar" type="ProgressBar" parent="cam/playerCamera"]
visible = false
offset_left = 9.0
offset_top = 11.0
offset_right = 260.0
offset_bottom = 38.0
theme_override_styles/fill = SubResource("StyleBoxFlat_4es6m")
step = 1.0
value = 50.0

[node name="colArea" type="Area3D" parent="."]
collision_layer = 2
collision_mask = 2

[node name="colAreaShape" type="CollisionShape3D" parent="colArea"]
transform = Transform3D(1, 0, 0, 0, 1, 0, 0, 0, 1, 0, 0.0729007, 0)
shape = SubResource("BoxShape3D_ubii3")

[node name="rayMan" type="RayCast3D" parent="."]
transform = Transform3D(1, 0, 0, 0, 1, 0, 0, 0, 1, -0.558623, 0, 0)
target_position = Vector3(-5, 0, 0)
collision_mask = 2
collide_with_areas = true
collide_with_bodies = false
debug_shape_custom_color = Color(1, 0, 0, 1)
debug_shape_thickness = 5

[node name="healthRegen" type="Timer" parent="."]
autostart = true

[connection signal="area_entered" from="colArea" to="." method="_on_col_area_area_entered"]
[connection signal="area_exited" from="colArea" to="." method="_on_col_area_area_exited"]
[connection signal="timeout" from="healthRegen" to="." method="_on_health_regen_timeout"]
